version: 1
creator: callgrind-3.10.1
pid: 22222
cmd:  ../../HM-16.2/bin/./TAppEncoderStatic -c ../../HM-16.2/cfg/encoder_lowdelay_main.cfg -c ../../HM-16.2/cfg/per-sequence/BasketballDrive.cfg --QP=32 --SearchRange=16 --FramesToBeEncoded=5 --FastSearch=0
part: 1


desc: I1 cache: 32768 B, 64 B, 8-way associative
desc: D1 cache: 16384 B, 32 B, 4-way associative
desc: LL cache: 8388608 B, 32 B, 2-way associative

desc: Timerange: Basic block 0 - 222780
desc: Trigger: Program termination

positions: line
events: Ir Dr Dw I1mr D1mr D1mw ILmr DLmr DLmw
summary: 1282248 372183 142141 529 9582 1834 529 6531 1226


ob=(1) /usr/lib/ld-2.21.so
fl=(1) ???
fn=(2) _dl_start
0 6 0 5 1 0 0 1
cfn=(4) 0x00019b20
calls=1 0 
0 2 2 0 1 0 0 1
0 522 132 63 10 21 15 10 21 15
cfn=(6) _dl_setup_hash
calls=1 0 
0 26 10 9 2 2 1 2 2 1
0 17 1 10 1 0 2 1 0 2
cfn=(8) _dl_sysdep_start
calls=1 0 
0 1281630 372024 142046 511 9559 1814 511 6508 1206
0 43 14 7 2 0 1 2 0 1

fn=(18) _dl_next_ld_env_entry
0 328 112 1 2 36 0 2 36

fn=(20) bcmp
0 288 72 72 2 0 0 2
cfn=(4)
calls=24 0 
0 48 48
0 519 220 0 5 12 0 5 12

fn=(52) _dl_init_paths
0 7 0 5 1 0 0 1
cfn=(4)
calls=1 0 
0 2 2
0 8 2 2 1 0 0 1
cfn=(54) _dl_important_hwcaps
calls=1 0 
0 1668 266 181 23 2 4 23 2 4
0 3 0 3
cfn=(30) malloc
calls=1 0 
0 44 16 12
0 1 1
0 18 1 6 1 0 0 1
cfn=(30)
calls=1 0 
0 86 30 24 2 0 0 2
0 1 1
0 25 2 14 2 0 2 2 0 2
cfn=(62) memset
calls=1 0 
0 27 6 9 1 0 1 1 0 1
0 22 6 11 1 0 0 1
cfn=(62)
calls=1 0 
0 27 6 9 0 0 1 0 0 1
0 26 9 6 4 0 0 4

fn=(60) mmap
0 368 176 64 2 0 1 2 0 1

fn=(86) _dl_name_match_p
0 1218 0 812 1 0 1 1 0 1
cfn=(4)
calls=203 0 
0 406 406
0 1015 203 609 0 2
cfn=(46) strcmp
calls=203 0 
0 1834 1017 0 0 14
0 2691 621 657 1 10 0 1
cfn=(46)
calls=219 0 
0 5035 1959 0 0 2
0 1672 812

fn=(160) mprotect
0 30 15 3 1 0 0 1

fn=(70) _dl_debug_state
0 1 1

fn=(72) strsep
0 848 270 7 2 0 0 2

fn=(82) map_doit
0 13 4 5 1 0 1 1 0 1
cfn=(84) _dl_map_object
calls=1 0 
0 2935 762 446 86 28 38 86 28 38
0 4 2 1

fn=(94) open
0 60 30 6 2 0 0 2

fn=(6)
0 182 70 63 2 13 1 2 13 1

fn=(44) rtld_lock_default_unlock_recursive
0 138 92 46

fn=(84)
0 91 0 65 1 0 2 1 0 2
cfn=(4)
calls=13 0 
0 26 26
0 860 134 84 2 0 2 2 0 2
cfn=(86)
calls=58 0 
0 4326 1549 619 2 0 1 2 0 1
0 562 184 84
cfn=(46)
calls=28 0 
0 693 266 0 0 3 0 0 3
0 205 55 25 4 0 1 4 0 1
cfn=(88) index
calls=5 0 
0 443 58 20 5 0 0 5
0 21 0 3
cfn=(88)
calls=1 0 
0 289 20 4 2 0 0 2
0 6 0 2
cfn=(90) strdup
calls=1 0 
0 243 59 38 1 0 5 1 0 5
0 13 1 6 1 0 0 1
cfn=(92) open_verify
calls=1 0 
0 327 106 46 16 12 0 16 12
0 21 6 8 1 0 0 1
cfn=(98) _dl_map_object_from_fd
calls=1 0 
0 1745 482 295 51 16 28 51 16 28
0 56 20 32
cfn=(98)
calls=4 0 
0 6938 1866 1447 7 46 112 7 46 112
0 47 25 8 2 0 0 2
cfn=(12) strlen
calls=4 0 
0 202 33
0 212 44 32 8 0 0 8
cfn=(112) _dl_load_cache_lookup
calls=4 0 
0 8947 2525 880 25 85 2 25 84 2
0 72 12 24 1 0 0 1
cfn=(92)
calls=4 0 
0 1550 500 219 1 1 0 1
0 96 20 12 3 0 0 3

fn=(104) access
0 9 2 1 2 0 0 2
cfn=(106) 0x00019b1c
calls=1 0 
0 2 2
0 5 1 1

fn=(130) match_symbol
0 266 0 190 1 0 0 1
cfn=(4)
calls=38 0 
0 76 76
0 3466 1447 190 4 85 0 4 83
cfn=(46)
calls=38 0 
0 3085 952 0 0 35 0 0 34
0 380 228

fn=(132) init_tls
0 4 0 3
cfn=(4)
calls=1 0 
0 2 2
0 13 2 6 1 0 0 1
cfn=(26) calloc
calls=1 0 
0 68 25 18
0 1 1
0 56 15 6 1 4 1 1 0 1
cfn=(134) _dl_determine_tlsoffset
calls=1 0 
0 113 36 24 6 0 0 6
0 1 0 1
cfn=(136) _dl_allocate_tls_storage
calls=1 0 
0 494 61 355 3 0 39 3 0 39
0 30 6 9 3 0 0 3

fn=(140) _dl_lookup_symbol_x
0 8253 0 5895 1 0 0 1
cfn=(56) 0x00019b2c
calls=1179 0 
0 2358 2358
0 429039 66737 24742 3 1864 7 3 1812
cfn=(142) do_lookup_x
calls=1178 0 
0 524456 189597 70616 36 3286 14 36 1274
0 44649 19972 2348 5 9 0 5

fn=(174) _dl_runtime_resolve
0 6 2 4 1 0 0 1
cfn=(176) _dl_fixup
calls=1 0 
0 1424 473 173 4 15 4 4 11
0 5 4 1

fn=(10) brk
0 3 1 2 1 0 0 1
cfn=(4)
calls=1 0 
0 2 2
0 12 2 1 1 0 0 1

fn=(36) memcpy
0 782 287 152 3 0 17 3 0 17

fn=(38) _dl_add_to_namespace_list
0 36 0 30 1 0 0 1
cfn=(40) 0x00019b28
calls=6 0 
0 12 12
0 36 6 18
cfn=(42) rtld_lock_default_lock_recursive
calls=6 0 
0 18 12 6 1 0 1 1 0 1
0 204 47 45 1 0 0 1
cfn=(44)
calls=5 0 
0 15 10 5
0 14 3 7
cfn=(44)
calls=1 0 
0 3 2 1
0 38 30 1

fn=(66) _dl_count_modids
0 1 0 1 1 0 0 1
cfn=(68) 0x00019b14
calls=1 0 
0 2 2
0 5 3

fn=(68)
0 40 40

fn=(98)
0 35 0 25 1 0 0 1
cfn=(56)
calls=5 0 
0 10 10
0 50 5 25 1 0 4 1 0 4
cfn=(64) _dl_debug_initialize
calls=5 0 
0 75 30 10
0 35 0 25 1 0 1 1 0 1
cfn=(100) __fxstat64
calls=5 0 
0 75 30 10 2 0 0 2
0 445 200 40 3 3 0 3 3
cfn=(22) _dl_new_object
calls=5 0 
0 2581 655 463 4 5 49 4 5 49
0 838 188 93 7 0 8 7 0 8
cfn=(118) _dl_next_tls_modid
calls=2 0 
0 40 18 12 2 0 1 2 0 1
0 928 347 229 10 1 8 10 1 8
cfn=(60)
calls=5 0 
0 115 55 20 0 0 1 0 0 1
0 1941 379 226 12 42 29 12 42 29
cfn=(102) close
calls=2 0 
0 16 4
0 15 6 6
cfn=(102)
calls=3 0 
0 24 6 0 1 0 0 1
0 55 15 10 1 0 0 1
cfn=(6)
calls=5 0 
0 130 50 45 0 10 0 0 10
0 110 50 25 2 0 2 2 0 2
cfn=(38)
calls=5 0 
0 325 105 95
0 113 21 26 4 0 0 4
cfn=(62)
calls=5 0 
0 355 30 265 0 0 37 0 0 37
0 80 26 42 3 0 0 3
cfn=(60)
calls=5 0 
0 115 55 20
0 119 38 22 2 0 0 2
cfn=(60)
calls=2 0 
0 46 22 8
0 12 3 0 2 1 0 2 1

fn=(110) openaux
0 180 84 60 1 0 1 1 0 1
cfn=(84)
calls=12 0 
0 25056 7229 3507 47 135 115 47 133 115
0 48 24 12

fn=(122) _dl_receive_error
0 6 0 5 1 0 0 1
cfn=(4)
calls=1 0 
0 2 2
0 5 1 3
cfn=(78) _dl_initial_error_catch_tsd
calls=1 0 
0 6 3 1
0 11 4 5 1 0 0 1
cfn=(124) version_check_doit
calls=1 0 
0 18673 6805 2197 22 179 73 22 168 68
0 9 6 2

fn=(128) _dl_check_map_versions
0 42 0 35 1 0 0 1
cfn=(56)
calls=7 0 
0 14 14
0 780 252 152 3 10 0 3 8
cfn=(86)
calls=66 0 
0 4870 1727 669 0 1
0 966 519 153 2 20 0 2 19
cfn=(130)
calls=13 0 
0 2533 938 130 5 72 0 5 71
0 125 75 125
cfn=(130)
calls=25 0 
0 4740 1765 250 0 48 0 0 46
0 1271 344 85 3 24 0 3 24
cfn=(26)
calls=6 0 
0 450 164 120 0 0 1
0 6 6
0 2737 965 461 5 4 72 5 0 68

fn=(62)
0 560 78 312 1 0 39 1 0 39

fn=(92)
0 30 0 25 1 0 0 1
cfn=(4)
calls=5 0 
0 10 10
0 65 15 30 1 0 0 1
cfn=(94)
calls=5 0 
0 50 25 5 2 0 0 2
0 95 15 40 1 0 0 1
cfn=(96) read
calls=5 0 
0 50 25 5 1 0 0 1
0 85 15 25 1 0 0 1
cfn=(20)
calls=5 0 
0 185 65 15 2 1 0 2 1
0 75 15 20 1 0 0 1
cfn=(20)
calls=5 0 
0 180 75 15
0 553 149 23 3 8 0 3 8
cfn=(20)
calls=2 0 
0 78 34 6
0 25 5 20 1 0 0 1
cfn=(20)
calls=5 0 
0 170 65 15 0 3 0 0 3
0 124 54 12 3 1 0 3
cfn=(20)
calls=3 0 
0 93 39 9
0 9

fn=(188) free
0 3 0 3
cfn=(4)
calls=1 0 
0 2 2
0 9 5 0 1 0 0 1

fn=(16) dl_main
0 7 0 5 1 0 0 1
cfn=(4)
calls=1 0 
0 2 2
0 31 3 14 3 0 8 3 0 8
cfn=(18)
calls=1 0 
0 319 109 1 2 36 0 2 36
0 2 1 1
cfn=(18)
calls=1 0 
0 9 3
0 81 13 5 4 1 0 4 1
cfn=(22)
calls=1 0 
0 281 60 72 22 3 18 22 3 18
0 14 4 5 1 0 0 1
cfn=(38)
calls=1 0 
0 51 17 18 3 0 1 3 0 1
0 145 34 15 6 7 1 6 7 1
cfn=(46)
calls=1 0 
0 9 5 0 1 1 0 1 1
0 248 38 30 6 7 7 6 7 7
cfn=(6)
calls=1 0 
0 26 10 9 0 1 0 0 1
0 6 2 1 1 0 0 1
cfn=(48) _dl_discover_osversion
calls=1 0 
0 91 16 8 5 1 2 5 1 2
0 74 31 19 7 4 2 7 4 2
cfn=(20)
calls=1 0 
0 30 11 3 4 2 0 4 2
0 20 0 5 3 0 0 3
cfn=(20)
calls=1 0 
0 36 15 3 1 1 0 1 1
0 8 1 2 1 0 1 1 0 1
cfn=(52)
calls=1 0 
0 1965 348 282 36 2 8 36 2 8
0 3 1 1
cfn=(64)
calls=1 0 
0 22 7 6 3 0 0 3
0 56 15 17 4 5 1 4 5 1
cfn=(66)
calls=1 0 
0 8 5 1 1 0 0 1
0 22 6 5 2 0 0 2
cfn=(104)
calls=1 0 
0 16 5 2 2 0 0 2
0 22 6 5 1 0 0 1
cfn=(108) _dl_map_object_deps
calls=1 0 
0 31041 8656 4554 82 156 124 82 143 124
0 128 39 17 5 2 0 5
cfn=(122)
calls=1 0 
0 18712 6821 2213 24 179 73 24 168 68
0 6 2 2 0 1 1
cfn=(132)
calls=1 0 
0 782 148 422 14 4 40 14 0 40
0 25 9 7 2 4 0 2 1
cfn=(70)
calls=1 0 
0 1 1
0 16 3 5 4 0 0 4
cfn=(12)
calls=1 0 
0 140 19 0 0 2 0 0 2
0 12 0 4 1 0 0 1
cfn=(36)
calls=1 0 
0 33 18 13
0 13 1 8 1 0 0 1
cfn=(72)
calls=1 0 
0 836 263 4 2 0 0 2
0 4 1 3
cfn=(72)
calls=1 0 
0 12 7 3
0 17 4 1
cfn=(74) do_preload
calls=1 0 
0 3059 801 495 95 28 43 95 28 43
0 125 49 38 5 9 1 5
cfn=(138) _dl_relocate_object
calls=4 0 
0 1222348 354232 133627 124 9079 1474 124 6075 875
0 57 13 8 4 2 0 4
cfn=(162) _dl_add_to_slotinfo
calls=1 0 
0 28 13 7 3 2 1 3
0 5 1 1 1 0 1 1

fn=(42)
0 138 92 46 1 0 2 1 0 1

fn=(46)
0 123047 38548 0 1 140 0 1 69

fn=(50) uname
0 8 2 0 1 0 0 1

fn=(106)
0 2 2

fn=(162)
0 5 0 5 1 0 0 1
cfn=(4)
calls=1 0 
0 2 2
0 21 11 2 2 2 1 2

fn=(4)
0 5546 5546 0 1 0 0 1

fn=(12)
0 1685 241 0 4 5 0 4 5

fn=(30)
0 70 0 70 1 0 0 1
cfn=(4)
calls=35 0 
0 70 70
0 175 35 105 0 0 4 0 0 4
cfn=(34) __libc_memalign
calls=35 0 
0 1175 378 270 5 1 6 5 0 3
0 35 35
0 105 70

fn=(54)
0 5 0 4 1 0 0 1
cfn=(56)
calls=1 0 
0 2 2
0 904 44 75 6 0 2 6 0 2
cfn=(12)
calls=1 0 
0 25 5 0 0 1 0 0 1
0 80 20 18 4 0 0 4
cfn=(30)
calls=1 0 
0 44 16 12
0 1 1
0 35 10 12 1 0 0 1
cfn=(58) mempcpy
calls=1 0 
0 16 6 2 2 1 1 2 1 1
0 7 3 4
cfn=(58)
calls=1 0 
0 16 6 2
0 31 7 7 1 0 0 1
cfn=(58)
calls=1 0 
0 15 5 1
0 18 7 9 1 0 0 1
cfn=(58)
calls=2 0 
0 30 10 2
0 439 124 33 7 0 1 7 0 1

fn=(56)
0 2386 2386

fn=(64)
0 12 0 12 1 0 0 1
cfn=(4)
calls=6 0 
0 12 12
0 73 25 4 2 0 0 2

fn=(78)
0 14 0 14
cfn=(68)
calls=14 0 
0 28 28
0 42 14

fn=(88)
0 1906 220 72 7 10 0 7 10

fn=(108)
0 7 0 5 1 0 0 1
cfn=(56)
calls=1 0 
0 2 2
0 1206 276 128 6 9 0 6
cfn=(88)
calls=12 0 
0 1174 142 48 0 10 0 0 10
0 156 24 48 1 0 0 1
cfn=(76) _dl_catch_error
calls=12 0 
0 26088 7577 3939 48 135 118 48 133 118
0 598 87 47 3 0 0 3
cfn=(30)
calls=4 0 
0 176 64 48
0 4 4
0 6 2 3 1 0 0 1
cfn=(30)
calls=1 0 
0 44 16 12
0 1 1
0 70 15 25 0 0 1 0 0 1
cfn=(36)
calls=5 0 
0 143 43 18
0 40 10 20
cfn=(36)
calls=5 0 
0 143 43 18 0 0 3 0 0 3
0 82 30 20 4 1 0 4
cfn=(30)
calls=1 0 
0 44 16 12
0 1 1
0 108 37 25 3 0 1 3 0 1
cfn=(62)
calls=1 0 
0 24 6 6
0 426 121 52 3 0 0 3
cfn=(62)
calls=5 0 
0 127 30 23
0 332 96 47 11 1 0 11
cfn=(36)
calls=1 0 
0 33 13 8 0 0 1 0 0 1
0 6 0 2 1 0 0 1

fn=(22)
0 30 0 30 1 0 0 1
cfn=(4)
calls=6 0 
0 12 12
0 48 6 30 1 0 6 1 0 6
cfn=(12)
calls=6 0 
0 343 53 0 0 1 0 0 1
0 84 6 36 1 0 0 1
cfn=(26)
calls=6 0 
0 414 150 109 6 0 9 6 0 9
0 6 6 0 1 0 0 1
0 102 18 48 1 0 12 1 0 12
cfn=(36)
calls=6 0 
0 155 60 30 3 0 8 3 0 8
0 362 71 92 4 7 19 4 7 19
cfn=(12)
calls=5 0 
0 351 46
0 218 56 51 5 0 8 5 0 8
cfn=(58)
calls=5 0 
0 104 54 34 0 0 5 0 0 5
0 375 92 15 2 0 0 2
cfn=(30)
calls=5 0 
0 220 80 60
0 5 5
0 33 0 0 1 0 0 1

fn=(80) __sigsetjmp
0 156 39 78 1 0 1 1 0 1

fn=(90)
0 25 5 20 1 0 0 1
cfn=(4)
calls=5 0 
0 10 10
0 20 0 10 0 0 1 0 0 1
cfn=(12)
calls=5 0 
0 357 46
0 15 0 10
cfn=(30)
calls=5 0 
0 220 80 60 0 0 1 0 0 1
0 5 5
0 40 0 20
cfn=(36)
calls=5 0 
0 167 67 42 0 0 5 0 0 5
0 25 20

fn=(124)
0 4 0 3 1 0 0 1
cfn=(4)
calls=1 0 
0 2 2
0 6 3 1
cfn=(126) _dl_check_all_versions
calls=1 0 
0 18655 6797 2193 21 179 73 21 168 68
0 6 3

fn=(136)
0 5 0 5 1 0 0 1
cfn=(4)
calls=1 0 
0 2 2
0 6 2 3
cfn=(34)
calls=1 0 
0 73 24 19
0 1 1
0 325 1 308 2 0 38 2 0 38
cfn=(26)
calls=1 0 
0 68 25 18
0 1 1
0 13 5 2 0 0 1 0 0 1

fn=(138)
0 8 0 8 1 0 0 1
cfn=(68)
calls=4 0 
0 8 8
0 121682 41049 16898 20 3885 479 20 2972 466
cfn=(140)
calls=1178 0 
0 1007413 278224 103443 45 5145 18 45 3075
0 43394 15345 4953 2 18 1 2 5
cob=(3) /usr/lib/libc-2.21.so
cfi=(3) ???
cfn=(158) wcslen
calls=1 0 
0 13 6 2 2 0 0 2
cob=(3)
cfi=(3)
cfn=(156) memrchr
calls=1 0 
0 14 7 2 2 1 0 2 1
cob=(3)
cfi=(3)
cfn=(154) strncasecmp
calls=1 0 
0 15 7 2 2 0 0 2
cob=(3)
cfi=(3)
cfn=(146) strnlen
calls=1 0 
0 91 18 24 12 1 1 12 1 1
0 38156 13349 5250 13 14 971 13 10 408
cfn=(160)
calls=3 0 
0 30 15 3 1 0 0 1
0 9945 5667 2826 8 0 0 8
cob=(4) /usr/lib/libm-2.21.so
cfi=(4) ???
cfn=(184) sinf
calls=1 0 
0 33 14 8 2 0 0 2
cob=(4)
cfi=(4)
cfn=(182) sincosf
calls=1 0 
0 33 14 8 2 0 0 2
cob=(4)
cfi=(4)
cfn=(180) __ieee754_expf
calls=1 0 
0 33 14 8 1 0 0 1
cob=(4)
cfi=(4)
cfn=(164) cosf
calls=1 0 
0 1472 495 188 11 15 4 11 11
0 8 0 4

fn=(142)
0 5890 0 5890 1 0 0 1
cfn=(4)
calls=1178 0 
0 2356 2356
0 213765 82976 29881 5 907 3 5 201
cfn=(86)
calls=79 0 
0 4675 1742 790 0 27
0 8793 2836 240 3 1 0 3
cfn=(42)
calls=40 0 
0 120 80 40 0 0 1
0 19413 9341 3664 5 28 0 5 21
cfn=(44)
calls=40 0 
0 120 80 40
0 69726 21423 16934 6 2164 3 6 979
cfn=(144) check_match.isra.0
calls=1169 0 
0 184676 64635 12904 5 133 5 5 50
0 10156 1416 2 1 0 0 1
cfn=(186) _dl_higher_prime_number
calls=1 0 
0 89 12 4 1 2 0 1 2
0 5 0 3 1 0 0 1
cfn=(26)
calls=1 0 
0 68 25 18 0 0 1
0 1 1
0 948 293 174 3 21 0 3 21
cfn=(188)
calls=1 0 
0 14 7 3 1 0 0 1
0 33 7 7 2 0 0 2
cfn=(26)
calls=1 0 
0 68 25 18 0 1 1
0 1 1 0 0 1
0 3539 2341 4 2 1 0 2

fn=(186)
0 1 0 1
cfn=(120) 0x00019b18
calls=1 0 
0 2 2
0 86 10 3 1 2 0 1 2

fn=(26)
0 96 32 64 1 0 3 1 0 3
cfn=(4)
calls=16 0 
0 32 32
0 160 0 32 1 0 0 1
cfn=(30)
calls=16 0 
0 752 270 205 4 1 9 4 0 6
0 16 16
0 80 64

fn=(40)
0 14 14

fn=(100)
0 18 6 12 1 0 0 1
cfn=(4)
calls=6 0 
0 12 12
0 60 18 0 1 0 0 1

fn=(102)
0 48 12 0 1 0 0 1

fn=(114) _dl_sysdep_read_whole_file
0 7 0 5 1 0 0 1
cfn=(4)
calls=1 0 
0 2 2
0 5 0 3 1 0 0 1
cfn=(94)
calls=1 0 
0 10 5 1
0 10 0 4
cfn=(100)
calls=1 0 
0 15 6 2
0 10 1 3
cfn=(102)
calls=1 0 
0 8 2
0 16 5 7 1 0 0 1
cfn=(60)
calls=1 0 
0 23 11 4
0 3

fn=(118)
0 6 0 6 1 0 0 1
cfn=(120)
calls=2 0 
0 4 4
0 30 14 6 1 0 1 1 0 1

fn=(120)
0 6 6

fn=(14) sbrk
0 5 1 4
cfn=(4)
calls=1 0 
0 2 2
0 14 6 0 1 1 0 1 1

fn=(34)
0 180 36 144 1 0 3 1 0 3
cfn=(4)
calls=36 0 
0 72 72
0 641 110 57 1 1 1 1
cfn=(60)
calls=3 0 
0 69 33 12 2 0 0 2
0 286 151 76 1 0 2 1

fn=(48)
0 5 0 5 1 0 0 1
cfn=(4)
calls=1 0 
0 2 2
0 16 6 3 1 0 2 1 0 2
cfn=(50)
calls=1 0 
0 8 2 0 1 0 0 1
0 60 6 0 2 1 0 2 1

fn=(58)
0 181 81 41 2 1 6 2 1 6

fn=(96)
0 50 25 5 1 0 0 1

fn=(112)
0 24 0 20 1 0 0 1
cfn=(4)
calls=4 0 
0 8 8
0 99 26 23 2 0 0 2
cfn=(46)
calls=4 0 
0 64 28 0 0 1 0 0 1
0 32 0 12
cfn=(46)
calls=4 0 
0 64 28
0 32 0 12 1 0 0 1
cfn=(46)
calls=4 0 
0 64 28
0 32 0 12
cfn=(46)
calls=4 0 
0 156 52
0 688 246 78 2 30 0 2 30
cfn=(116) _dl_cache_libcmp
calls=36 0 
0 4295 1209 349 5 36 0 5 36
0 259 35 13 2 3 0 2 3
cfn=(116)
calls=1 0 
0 108 31 9 0 1 0 0 1
0 16 8 4 1 0 0 1
cfn=(116)
calls=4 0 
0 586 161 45 0 2 0 0 2
0 91 40 11 1 2 0 1 2
cfn=(116)
calls=3 0 
0 786 204 54 0 3 0 0 3
0 226 72 20 4 1 0 4
cfn=(12)
calls=4 0 
0 238 34 0 0 1 0 0 1
0 48 0 16
cfn=(36)
calls=4 0 
0 108 43 23
0 8 0 8
cfn=(90)
calls=4 0 
0 641 174 124 0 0 2 0 0 2
0 48 28 1 2 0 0 2
cfn=(114)
calls=1 0 
0 109 32 29 3 0 0 3
0 12 1 4
cfn=(20)
calls=1 0 
0 40 17 3 0 2 0 0 2
0 19 1 7 1 0 0 1
cfn=(20)
calls=1 0 
0 43 19 3 0 3 0 0 3
0 3

fn=(126)
0 5 0 5 1 0 0 1
cfn=(4)
calls=1 0 
0 2 2
0 58 14 8 1 0 0 1
cfn=(128)
calls=7 0 
0 18534 6769 2180 19 179 73 19 168 68
0 56 12

fn=(134)
0 5 0 5 1 0 0 1
cfn=(68)
calls=1 0 
0 2 2
0 106 34 19 5 0 0 5

fn=(176)
0 6 0 5 1 0 0 1
cfn=(40)
calls=1 0 
0 2 2
0 48 20 9 2 1 1 2
cfn=(140)
calls=1 0 
0 1342 440 158 0 14 3 0 11
0 26 11 1 1 0 0 1

fn=(0) 0x00000a70
0 2 0 1 1 0 1 1 0 1
cfn=(2)
calls=1 0 
0 1282246 372183 142140 528 9582 1833 528 6531 1225

fn=(8)
0 5 0 5 1 0 0 1
cfn=(4)
calls=1 0 
0 2 2
0 521 128 56 13 18 7 13 18 7
cfn=(10)
calls=1 0 
0 17 5 3 2 0 0 2
0 9 2 2 0 1 0 0 1
cfn=(14)
calls=1 0 
0 21 9 4 1 1 0 1 1
0 13 3 5 1 0 0 1
cfn=(16)
calls=1 0 
0 1281004 371869 141967 487 9539 1807 487 6488 1199
0 3 0 2
cfn=(12)
calls=1 0 
0 29 5 0 4 0 0 4
0 6 1 2 2 0 0 2

fn=(74)
0 7 0 5 1 0 0 1
cfn=(4)
calls=1 0 
0 2 2
0 16 1 8 1 0 0 1
cfn=(76)
calls=1 0 
0 3019 788 482 92 28 43 92 28 43
0 15 10 0 1 0 0 1

fn=(76)
0 39 0 39 1 0 0 1
cfn=(4)
calls=13 0 
0 26 26
0 143 13 104 1 0 5 1 0 5
cfn=(78)
calls=13 0 
0 78 39 13
0 143 13 78 1 0 0 1
cfn=(80)
calls=13 0 
0 156 39 78 1 0 1 1 0 1
0 91 26 26
cfn=(110)
calls=12 0 
0 25284 7337 3579 48 135 116 48 133 116
cfn=(82)
calls=1 0 
0 2952 768 452 87 28 39 87 28 39
0 195 104 52 1 0 0 1

fn=(116)
0 5775 1605 457 5 42 0 5 42

fn=(144)
0 5845 0 5845 1 0 0 1
cfn=(4)
calls=1169 0 
0 2338 2338
0 25832 9390 2395 1 24 4 1 15
cfn=(46)
calls=19 0 
0 2645 791 0 0 28 0 0 23
0 31622 17528 4664 3 25 1 3 5
cfn=(46)
calls=1166 0 
0 109398 33422 0 0 56 0 0 7
0 6996 1166

ob=(3)
fl=(3)
fn=(148) 0x001366a7
0 8 8 0 1 0 0 1

fn=(156)
0 2 0 2 1 0 0 1
cfn=(148)
calls=1 0 
0 2 2
0 10 5 0 1 1 0 1 1

fn=(150) __init_cpu_features
0 6 0 5 1 0 0 1
cfn=(152) 0x001366af
calls=1 0 
0 2 2
0 69 10 16 9 0 1 9 0 1

fn=(152)
0 10 10

fn=(154)
0 2 0 2 1 0 0 1
cfn=(148)
calls=1 0 
0 2 2
0 11 5 0 1 0 0 1

fn=(158)
0 2 0 2 1 0 0 1
cfn=(148)
calls=1 0 
0 2 2
0 9 4 0 1 0 0 1

fn=(178) __get_cpu_features
0 20 0 20
cfn=(152)
calls=4 0 
0 8 8
0 48 24 0 1 0 0 1

fn=(146)
0 2 0 2 1 0 0 1
cfn=(148)
calls=1 0 
0 2 2 0 1 0 0 1
0 4 1 1 0 1 0 0 1
cfn=(150)
calls=1 0 
0 77 12 21 10 0 1 10 0 1
0 6 3

ob=(4)
fl=(4)
fn=(180)
0 2 0 2 1 0 0 1
cfn=(166) __x86.get_pc_thunk.bx
calls=1 0 
0 2 2
0 3 0 1
cob=(3)
cfi=(3)
cfn=(178)
calls=1 0 
0 19 8 5
0 1 1
0 6 3

fn=(184)
0 2 0 2 1 0 0 1
cfn=(166)
calls=1 0 
0 2 2
0 3 0 1 1 0 0 1
cob=(3)
cfi=(3)
cfn=(178)
calls=1 0 
0 19 8 5
0 1 1
0 6 3

fn=(182)
0 2 0 2 1 0 0 1
cfn=(166)
calls=1 0 
0 2 2
0 3 0 1 1 0 0 1
cob=(3)
cfi=(3)
cfn=(178)
calls=1 0 
0 19 8 5
0 1 1
0 6 3

fn=(164)
0 2 0 2 1 0 0 1
cfn=(166)
calls=1 0 
0 2 2 0 1 0 0 1
0 3 0 1 1 0 0 1
cob=(3)
cfi=(3)
cfn=(178)
calls=1 0 
0 19 8 5 1 0 0 1
cob=(1)
cfi=(1)
cfn=(174)
calls=1 0 
0 1435 479 178 5 15 4 5 11
0 5 3 2 2 0 0 2
0 6 3

fn=(166)
0 8 8 0 1 0 0 1

totals: 1282248 372183 142141 529 9582 1834 529 6531 1226
